{
    "accuracy": 0.66,
    "precision": 0.6764705882352942,
    "recall": 0.5,
    "auc": 0.7415458937198067
}